shape_id,shape_pt_lat,shape_pt_lon,shape_pt_sequence,shape_dist_traveled
18060,51.64561,-121.29508,0,0
18060,51.63725,-121.29181,1,1300
18068,51.64561,-121.29508,0,0
18068,51.6441,-121.29554,1,174
18068,51.64331,-121.29596,2,274
18068,51.64317,-121.29587,3,296
18068,51.64213,-121.29623,4,413
18068,51.64186,-121.29636,5,448
18068,51.64162,-121.29599,6,488
18068,51.64133,-121.29584,7,522
18068,51.64026,-121.29597,8,637
18068,51.64007,-121.29582,9,661
18068,51.63994,-121.29623,10,692
18068,51.64005,-121.29764,11,790
18068,51.63911,-121.29789,12,896
18068,51.63899,-121.29726,13,945
18068,51.63897,-121.29667,14,989
18068,51.63972,-121.29645,15,1073
18068,51.63961,-121.29549,16,1140
18068,51.63928,-121.2953,17,1178
18068,51.63869,-121.29523,18,1243
18068,51.63841,-121.29528,19,1274
18068,51.63787,-121.2957,20,1340
18068,51.63801,-121.29793,21,1492
18068,51.63816,-121.29822,22,1518
18068,51.63842,-121.2983,23,1547
18068,51.6457,-121.29639,24,2362
18068,51.64697,-121.29618,25,2501
18068,51.64953,-121.29643,26,2784
18068,51.65062,-121.29621,27,2904
18068,51.65395,-121.29444,28,3293
18068,51.65517,-121.2933,29,3450
18068,51.65589,-121.29195,30,3572
18068,51.65679,-121.28943,31,3771
18068,51.65715,-121.28871,32,3835
18068,51.65811,-121.28767,33,3962
18068,51.65917,-121.28735,34,4080
18068,51.6597,-121.28735,35,4138
18068,51.66402,-121.28941,36,4638
18068,51.66902,-121.29184,37,5216
18068,51.67318,-121.29385,38,5697
18068,51.67433,-121.2949,39,5844
18068,51.67888,-121.30322,40,6610
18068,51.6824,-121.30893,41,7164
18068,51.68255,-121.30918,42,7188
18068,51.68285,-121.30937,43,7224
18068,51.68311,-121.30934,44,7252
18068,51.6836,-121.30986,45,7321
18068,51.68465,-121.31026,46,7441
18068,51.68574,-121.3114,47,7584
18068,51.68667,-121.31119,48,7688
18068,51.6876,-121.31115,49,7791
18068,51.6879,-121.31091,50,7827
18068,51.68859,-121.30996,51,7928
18068,51.68878,-121.3095,52,7966
18068,51.68916,-121.30796,53,8080
18068,51.68926,-121.30769,54,8102
18068,51.68982,-121.30686,55,8186
18068,51.69083,-121.30773,56,8312
18068,51.69079,-121.30805,57,8336
18068,51.69047,-121.30957,58,8449
18068,51.69048,-121.31056,59,8517
18068,51.69055,-121.31085,60,8538
18068,51.69119,-121.31212,61,8650
18068,51.6916,-121.3134,62,8749
18068,51.69162,-121.3138,63,8777
18068,51.69085,-121.31719,64,9024
18068,51.69767,-121.32155,65,9840
18068,51.69861,-121.32208,66,9950
18068,51.69988,-121.32224,67,10091
18068,51.70067,-121.32217,68,10179
18068,51.70145,-121.32185,69,10268
18068,51.70563,-121.31834,70,10791
18068,51.7065,-121.31794,71,10891
18068,51.70782,-121.31784,72,11038
18068,51.71443,-121.3185,73,11773
18068,51.71552,-121.3186,74,11894
18068,51.71906,-121.3197,75,12293
18068,51.71978,-121.32008,76,12377
18068,51.7211,-121.32154,77,12554
18068,51.72245,-121.32361,78,12761
18068,51.72336,-121.32471,79,12887
18068,51.72762,-121.32714,80,13388
18068,51.7277,-121.32878,81,13506
18068,51.7276,-121.33111,82,13672
18068,51.72754,-121.33142,83,13693
18068,51.72594,-121.33563,84,14031
18068,51.72575,-121.33591,85,14059
18068,51.72336,-121.33689,86,14331
18068,51.72182,-121.33699,87,14502
18068,51.72109,-121.3372,88,14583
18068,51.72011,-121.338,89,14704
18068,51.71909,-121.33856,90,14823
18068,51.71869,-121.33895,91,14875
18068,51.71852,-121.33925,92,14903
18068,51.71845,-121.33993,93,14951
18068,51.71861,-121.34039,94,14987
18068,51.7193,-121.34164,95,15101
18068,51.72031,-121.34398,96,15297
18068,51.72101,-121.34494,97,15398
18068,51.72124,-121.34532,98,15434
18068,51.72144,-121.3458,99,15474
18068,51.72139,-121.34685,100,15545
18068,51.72092,-121.34823,101,15653
18068,51.7208,-121.34873,102,15690
18068,51.72074,-121.34925,103,15726
18068,51.72075,-121.34969,104,15756
18068,51.7208,-121.35,105,15778
18068,51.72108,-121.35061,106,15830
18068,51.72188,-121.35139,107,15933
18068,51.72269,-121.35285,108,16068
18068,51.72368,-121.35376,109,16195
18068,51.72386,-121.35397,110,16219
18068,51.72441,-121.3552,111,16324
18068,51.72554,-121.3571,112,16504
18068,51.72601,-121.35764,113,16567
18068,51.72749,-121.35833,114,16736
18068,51.72801,-121.35841,115,16794
18068,51.72878,-121.35821,116,16880
18068,51.72906,-121.35823,117,16911
18068,51.72929,-121.35835,118,16937
18068,51.72957,-121.35864,119,16974
18068,51.73042,-121.36029,120,17121
18068,51.73069,-121.3605,121,17155
18068,51.73175,-121.36081,122,17273
18068,51.73282,-121.36151,123,17400
18068,51.73365,-121.36288,124,17531
18068,51.73467,-121.36507,125,17719
18068,51.73594,-121.3671,126,17918
18068,51.73693,-121.36802,127,18044
18068,51.73793,-121.36921,128,18182
18068,51.73831,-121.36958,129,18231
18068,51.73852,-121.37001,130,18268
18068,51.73883,-121.37184,131,18398
18068,51.73886,-121.37568,132,18662
18068,51.73895,-121.37643,133,18714
18068,51.7391,-121.37674,134,18741
18068,51.74128,-121.3789,135,19023
18068,51.74193,-121.37923,136,19099
18068,51.74222,-121.37927,137,19131
18068,51.7427,-121.379,138,19195
18068,51.74304,-121.37914,139,19242
18068,51.74467,-121.3789,140,19423
18068,51.74695,-121.37799,141,19682
18068,51.74716,-121.37783,142,19707
18068,51.74913,-121.37375,143,20063
18068,51.74924,-121.37324,144,20100
18068,51.74908,-121.36802,145,20458
18068,51.74877,-121.36481,146,20682
18068,51.74871,-121.36334,147,20783
18068,51.74996,-121.36104,148,20992
18068,51.75048,-121.35948,149,21113
18068,51.75051,-121.35914,150,21136
18068,51.75045,-121.35807,151,21210
18068,51.75011,-121.35637,152,21333
18068,51.75008,-121.35394,153,21500
18068,51.75063,-121.35028,154,21759
18068,51.75073,-121.34875,155,21864
18068,51.7509,-121.348,156,21919
18068,51.75093,-121.34771,157,21939
18068,51.7509,-121.34657,158,22017
18068,51.75074,-121.34568,159,22081
18068,51.75056,-121.34529,160,22113
18068,51.75042,-121.34509,161,22133
18068,51.7502,-121.34495,162,22159
18068,51.74998,-121.3449,163,22183
18068,51.74966,-121.34502,164,22219
18068,51.74813,-121.34661,165,22421
18068,51.74554,-121.34856,166,22737
18068,51.74527,-121.34854,167,22767
18068,51.74507,-121.34819,168,22799
18068,51.74492,-121.34695,169,22886
18068,51.74332,-121.3431,170,23203
18068,51.74309,-121.34275,171,23237
18068,51.74236,-121.34207,172,23329
18068,51.74217,-121.34169,173,23363
18068,51.74209,-121.34136,174,23387
18068,51.74208,-121.34095,175,23414
18068,51.74224,-121.33967,176,23503
18068,51.74221,-121.33929,177,23529
18068,51.74213,-121.33902,178,23549
18068,51.74195,-121.33876,179,23575
18068,51.741,-121.338,180,23693
18068,51.74001,-121.33755,181,23806
18068,51.73965,-121.33733,182,23849
18068,51.73853,-121.33597,183,24003
18068,51.73823,-121.33581,184,24037
18068,51.73788,-121.33583,185,24076
18068,51.73766,-121.33599,186,24102
18068,51.73732,-121.33639,187,24148
18068,51.73688,-121.33669,188,24201
18068,51.73642,-121.33678,189,24251
18068,51.73601,-121.33671,190,24296
18068,51.73427,-121.3356,191,24503
18068,51.73261,-121.33559,192,24687
18068,51.7316,-121.33536,193,24799
18068,51.7314,-121.33524,194,24822
18068,51.73082,-121.33462,195,24899
18068,51.73028,-121.33363,196,24988
18068,51.73008,-121.33341,197,25015
18068,51.72909,-121.33269,198,25135
18068,51.72784,-121.33071,199,25327
18068,51.72763,-121.33063,200,25349
18068,51.72756,-121.3288,201,25481
18098,51.63725,-121.29181,0,0
18098,51.7277,-121.32878,1,12000
18099,51.64561,-121.29508,0,0
18099,51.6441,-121.29554,1,174
18099,51.64331,-121.29596,2,274
18099,51.64317,-121.29587,3,296
18099,51.64213,-121.29623,4,413
18099,51.64186,-121.29636,5,448
18099,51.64162,-121.29599,6,488
18099,51.64133,-121.29584,7,522
18099,51.64026,-121.29597,8,637
18099,51.64007,-121.29582,9,661
18099,51.63994,-121.29623,10,692
18099,51.64005,-121.29764,11,790
18099,51.63911,-121.29789,12,896
18099,51.63899,-121.29726,13,945
18099,51.63897,-121.29667,14,989
18099,51.63972,-121.29645,15,1073
18099,51.63961,-121.29549,16,1140
18099,51.63928,-121.2953,17,1178
18099,51.63869,-121.29523,18,1243
18099,51.63841,-121.29528,19,1274
18099,51.63787,-121.2957,20,1340
18099,51.63801,-121.29793,21,1492
18099,51.63816,-121.29822,22,1518
18099,51.63842,-121.2983,23,1547
18099,51.6457,-121.29639,24,2362
18099,51.64697,-121.29618,25,2501
18099,51.64953,-121.29643,26,2784
18099,51.65062,-121.29621,27,2904
18099,51.65395,-121.29444,28,3293
18099,51.65517,-121.2933,29,3450
18099,51.65589,-121.29195,30,3572
18099,51.65679,-121.28943,31,3771
18099,51.65715,-121.28871,32,3835
18099,51.65811,-121.28767,33,3962
18099,51.65917,-121.28735,34,4080
18099,51.6597,-121.28735,35,4138
18099,51.66402,-121.28941,36,4638
18099,51.66902,-121.29184,37,5216
18099,51.67318,-121.29385,38,5697
18099,51.67433,-121.2949,39,5844
18099,51.67888,-121.30322,40,6610
18099,51.6824,-121.30893,41,7164
18099,51.68255,-121.30918,42,7188
18099,51.68285,-121.30937,43,7224
18099,51.68311,-121.30934,44,7252
18099,51.6836,-121.30986,45,7321
18099,51.68465,-121.31026,46,7441
18099,51.68574,-121.3114,47,7584
18099,51.68667,-121.31119,48,7688
18099,51.6876,-121.31115,49,7791
18099,51.6879,-121.31091,50,7827
18099,51.68859,-121.30996,51,7928
18099,51.68878,-121.3095,52,7966
18099,51.68916,-121.30796,53,8080
18099,51.68926,-121.30769,54,8102
18099,51.68982,-121.30686,55,8186
18099,51.69083,-121.30773,56,8312
18099,51.69079,-121.30805,57,8336
18099,51.69047,-121.30957,58,8449
18099,51.69048,-121.31056,59,8517
18099,51.69055,-121.31085,60,8538
18099,51.69119,-121.31212,61,8650
18099,51.6916,-121.3134,62,8749
18099,51.69162,-121.3138,63,8777
18099,51.69085,-121.31719,64,9024
18099,51.69767,-121.32155,65,9840
18099,51.69861,-121.32208,66,9950
18099,51.69988,-121.32224,67,10091
18099,51.70067,-121.32217,68,10179
18099,51.70145,-121.32185,69,10268
18099,51.70563,-121.31834,70,10791
18099,51.7065,-121.31794,71,10891
18099,51.70782,-121.31784,72,11038
18099,51.71443,-121.3185,73,11773
18099,51.71552,-121.3186,74,11894
18099,51.71906,-121.3197,75,12293
18099,51.71978,-121.32008,76,12377
18099,51.7211,-121.32154,77,12554
18099,51.72245,-121.32361,78,12761
18099,51.72336,-121.32471,79,12887
18099,51.72762,-121.32714,80,13388
18099,51.7277,-121.32878,81,13506
18099,51.7276,-121.33111,82,13672
18099,51.72754,-121.33142,83,13693
18099,51.72594,-121.33563,84,14031
18099,51.72575,-121.33591,85,14059
18099,51.72336,-121.33689,86,14331
18099,51.72182,-121.33699,87,14502
18099,51.72109,-121.3372,88,14583
18099,51.72011,-121.338,89,14704
18099,51.71909,-121.33856,90,14823
18099,51.71869,-121.33895,91,14875
18099,51.71852,-121.33925,92,14903
18099,51.71845,-121.33993,93,14951
18099,51.71861,-121.34039,94,14987
18099,51.7193,-121.34164,95,15101
18099,51.72031,-121.34398,96,15297
18099,51.72101,-121.34494,97,15398
18099,51.72124,-121.34532,98,15434
18099,51.72144,-121.3458,99,15474
18099,51.72139,-121.34685,100,15545
18099,51.72092,-121.34823,101,15653
18099,51.7208,-121.34873,102,15690
18099,51.72074,-121.34925,103,15726
18099,51.72075,-121.34969,104,15756
18099,51.7208,-121.35,105,15778
18099,51.72108,-121.35061,106,15830
18099,51.72188,-121.35139,107,15933
18099,51.72269,-121.35285,108,16068
18099,51.72368,-121.35376,109,16195
18099,51.72386,-121.35397,110,16219
18099,51.72441,-121.3552,111,16324
18099,51.72554,-121.3571,112,16504
18099,51.72601,-121.35764,113,16567
18099,51.72749,-121.35833,114,16736
18099,51.72801,-121.35841,115,16794
18099,51.72878,-121.35821,116,16880
18099,51.72906,-121.35823,117,16911
18099,51.72929,-121.35835,118,16937
18099,51.72957,-121.35864,119,16974
18099,51.73042,-121.36029,120,17121
18099,51.73069,-121.3605,121,17155
18099,51.73175,-121.36081,122,17273
18099,51.73282,-121.36151,123,17400
18099,51.73365,-121.36288,124,17531
18099,51.73467,-121.36507,125,17719
18099,51.73594,-121.3671,126,17918
18099,51.73693,-121.36802,127,18044
18099,51.73793,-121.36921,128,18182
18099,51.73831,-121.36958,129,18231
18099,51.73852,-121.37001,130,18268
18099,51.73883,-121.37184,131,18398
18099,51.73886,-121.37568,132,18662
18099,51.73895,-121.37643,133,18714
18099,51.7391,-121.37674,134,18741
18099,51.74128,-121.3789,135,19023
18099,51.74193,-121.37923,136,19099
18099,51.74222,-121.37927,137,19131
18099,51.7427,-121.379,138,19195
18099,51.74304,-121.37914,139,19242
18099,51.74467,-121.3789,140,19423
18099,51.74695,-121.37799,141,19682
18099,51.74716,-121.37783,142,19707
18099,51.74913,-121.37375,143,20063
18099,51.74924,-121.37324,144,20100
18099,51.74908,-121.36802,145,20458
18099,51.74877,-121.36481,146,20682
18099,51.74871,-121.36334,147,20783
18099,51.74996,-121.36104,148,20992
18099,51.75048,-121.35948,149,21113
18099,51.75051,-121.35914,150,21136
18099,51.75045,-121.35807,151,21210
18099,51.75011,-121.35637,152,21333
18099,51.75008,-121.35394,153,21500
18099,51.75063,-121.35028,154,21759
18099,51.75073,-121.34875,155,21864
18099,51.7509,-121.348,156,21919
18099,51.75093,-121.34771,157,21939
18099,51.7509,-121.34657,158,22017
18099,51.75074,-121.34568,159,22081
18099,51.75056,-121.34529,160,22113
18099,51.75042,-121.34509,161,22133
18099,51.7502,-121.34495,162,22159
18099,51.74998,-121.3449,163,22183
18099,51.74966,-121.34502,164,22219
18099,51.74813,-121.34661,165,22421
18099,51.74554,-121.34856,166,22737
18099,51.74527,-121.34854,167,22767
18099,51.74507,-121.34819,168,22799
18099,51.74492,-121.34695,169,22886
18099,51.74332,-121.3431,170,23203
18099,51.74309,-121.34275,171,23237
18099,51.74236,-121.34207,172,23329
18099,51.74217,-121.34169,173,23363
18099,51.74209,-121.34136,174,23387
18099,51.74208,-121.34095,175,23414
18099,51.74224,-121.33967,176,23503
18099,51.74221,-121.33929,177,23529
18099,51.74213,-121.33902,178,23549
18099,51.74195,-121.33876,179,23575
18099,51.741,-121.338,180,23693
18099,51.74001,-121.33755,181,23806
18099,51.73965,-121.33733,182,23849
18099,51.73853,-121.33597,183,24003
18099,51.73823,-121.33581,184,24037
18099,51.73788,-121.33583,185,24076
18099,51.73766,-121.33599,186,24102
18099,51.73732,-121.33639,187,24148
18099,51.73688,-121.33669,188,24201
18099,51.73642,-121.33678,189,24251
18099,51.73601,-121.33671,190,24296
18099,51.73427,-121.3356,191,24503
18099,51.73261,-121.33559,192,24687
18099,51.7316,-121.33536,193,24799
18099,51.7314,-121.33524,194,24822
18099,51.73082,-121.33462,195,24899
18099,51.73028,-121.33363,196,24988
18099,51.73008,-121.33341,197,25015
18099,51.72909,-121.33269,198,25135
18099,51.72784,-121.33071,199,25327
18099,51.72763,-121.33063,200,25349
18099,51.72756,-121.3288,201,25481
18099,51.72763,-121.32848,202,25508
18099,51.72763,-121.32785,203,25551
18099,51.7275,-121.32735,204,25588
18099,51.72722,-121.32692,205,25630
18099,51.72336,-121.32471,206,26085
18099,51.72245,-121.32361,207,26211
18099,51.7211,-121.32154,208,26418
18099,51.71978,-121.32008,209,26595
18099,51.71552,-121.3186,210,27078
18099,51.71046,-121.31808,211,27641
18099,51.70719,-121.31785,212,28004
18099,51.7065,-121.31794,213,28081
18099,51.70563,-121.31834,214,28181
18099,51.70145,-121.32185,215,28704
18099,51.70067,-121.32217,216,28793
18099,51.69923,-121.3222,217,28953
18099,51.69861,-121.32208,218,29022
18099,51.69387,-121.31916,219,29586
18099,51.68849,-121.31568,220,30229
18099,51.68721,-121.3147,221,30387
18099,51.68548,-121.31226,222,30639
18099,51.68282,-121.3098,223,30980
18099,51.67884,-121.30336,224,31607
18099,51.67491,-121.29594,225,32281
18099,51.67379,-121.29452,226,32440
18099,51.66635,-121.29056,227,33310
18099,51.66069,-121.28779,228,33965
18099,51.6597,-121.28735,229,34080
18099,51.65854,-121.2875,230,34208
18099,51.65811,-121.28767,231,34256
18099,51.65715,-121.28871,232,34383
18099,51.65617,-121.29111,233,34581
18099,51.65589,-121.29195,234,34646
18099,51.65517,-121.2933,235,34768
18099,51.65395,-121.29444,236,34925
18099,51.65124,-121.29612,237,35247
18099,51.65006,-121.29659,238,35382
18099,51.64833,-121.29647,239,35574
18099,51.64731,-121.29619,240,35689
18099,51.64656,-121.29624,241,35771
18099,51.64636,-121.29471,242,35878
18099,51.64561,-121.29508,243,35968
20801,51.63899,-121.29726,0,0
20801,51.64824,-121.29498,1,1041
20808,51.63899,-121.29726,0,0
20808,51.64561,-121.29508,1,751
20814,51.72756,-121.3288,0,0
20814,51.64623,-121.29359,1,9370
24627,51.63899,-121.29726,0,0
24627,51.63897,-121.29667,1,44
24627,51.63972,-121.29645,2,128
24627,51.63961,-121.29549,3,195
24627,51.63928,-121.2953,4,233
24627,51.63869,-121.29523,5,298
24627,51.63841,-121.29528,6,329
24627,51.63754,-121.29604,7,438
24627,51.63714,-121.2964,8,489
24627,51.63655,-121.29661,9,560
24627,51.6353,-121.29683,10,702
24627,51.63434,-121.29709,11,810
24627,51.63341,-121.2974,12,919
24627,51.63235,-121.29769,13,1041
24627,51.63188,-121.29802,14,1097
24627,51.63123,-121.29819,15,1170
24627,51.63143,-121.29944,16,1264
24627,51.63144,-121.30008,17,1314
24627,51.62951,-121.30063,18,1531
24627,51.62906,-121.30075,19,1580
24627,51.6291,-121.30128,20,1615
24627,51.63156,-121.30064,21,1892
24627,51.63166,-121.30151,22,1956
24627,51.63165,-121.30244,23,2023
24627,51.63266,-121.30216,24,2136
24627,51.63501,-121.30151,25,2399
24627,51.63524,-121.30101,26,2441
24627,51.63527,-121.30059,27,2471
24627,51.6352,-121.30028,28,2498
24627,51.63516,-121.2993,29,2570
24627,51.63581,-121.29911,30,2644
24627,51.63599,-121.29893,31,2666
24627,51.6377,-121.29849,32,2858
24627,51.63785,-121.29833,33,2878
24627,51.63801,-121.29793,34,2911
24627,51.63792,-121.29641,35,3015
24627,51.63773,-121.29394,36,3183
24627,51.63769,-121.29312,37,3238
24627,51.63845,-121.29305,38,3321
24627,51.63835,-121.29256,39,3357
24627,51.63814,-121.29266,40,3381
24627,51.63788,-121.29226,41,3420
24627,51.63794,-121.29199,42,3443
24627,51.63834,-121.29256,43,3504
24627,51.63845,-121.29305,44,3540
24627,51.63884,-121.29318,45,3583
24627,51.63969,-121.29386,46,3687
24627,51.64028,-121.29442,47,3762
24627,51.64054,-121.29451,48,3791
24627,51.64144,-121.29426,49,3900
24627,51.64265,-121.29423,50,4041
24627,51.64263,-121.2939,51,4071
24627,51.64298,-121.29308,52,4146
24627,51.64327,-121.29283,53,4183
24627,51.64445,-121.29246,54,4315
24627,51.64597,-121.29192,55,4487
24627,51.64588,-121.2914,56,4524
24627,51.6459,-121.291,57,4550
24627,51.64615,-121.29044,58,4602
24627,51.64684,-121.28965,59,4702
24627,51.64718,-121.28929,60,4747
24627,51.6479,-121.28902,61,4829
24627,51.64811,-121.29051,62,4934
24627,51.64812,-121.29127,63,4994
24627,51.64641,-121.29177,64,5190
24627,51.64597,-121.29192,65,5240
24627,51.64623,-121.29359,66,5361
24627,51.64636,-121.29471,67,5442
24627,51.64561,-121.29508,68,5532
24627,51.6441,-121.29554,69,5706
24627,51.64331,-121.29596,70,5806
24627,51.64317,-121.29587,71,5828
24627,51.64213,-121.29623,72,5945
24627,51.64186,-121.29636,73,5980
24627,51.64162,-121.29599,74,6020
24627,51.64133,-121.29584,75,6054
24627,51.64026,-121.29597,76,6169
24627,51.64007,-121.29582,77,6193
24627,51.63994,-121.29623,78,6224
24627,51.64005,-121.29764,79,6322
24627,51.63911,-121.29789,80,6428
24627,51.63899,-121.29726,81,6477
24634,51.64824,-121.29498,0,0
24634,51.64846,-121.2949,1,27
24634,51.64864,-121.29455,2,57
24634,51.64855,-121.29391,3,102
24634,51.64725,-121.29439,4,249
24634,51.64636,-121.29471,5,349
24634,51.64561,-121.29508,6,439
24634,51.6441,-121.29554,7,613
24634,51.64331,-121.29596,8,713
24634,51.64317,-121.29587,9,735
24634,51.64213,-121.29623,10,852
24634,51.64186,-121.29636,11,887
24634,51.64162,-121.29599,12,927
24634,51.64133,-121.29584,13,961
24634,51.64026,-121.29597,14,1076
24634,51.64007,-121.29582,15,1100
24634,51.63994,-121.29623,16,1131
24634,51.64005,-121.29764,17,1229
24634,51.63911,-121.29789,18,1335
24634,51.63899,-121.29726,19,1384
24634,51.63897,-121.29667,20,1428
24634,51.63972,-121.29645,21,1512
24634,51.63961,-121.29549,22,1579
24634,51.63928,-121.2953,23,1617
24634,51.63869,-121.29523,24,1682
24634,51.63841,-121.29528,25,1713
24634,51.63754,-121.29604,26,1822
24634,51.63714,-121.2964,27,1873
24634,51.63655,-121.29661,28,1944
24634,51.6353,-121.29683,29,2086
24634,51.63434,-121.29709,30,2194
24634,51.63341,-121.2974,31,2303
24634,51.63235,-121.29769,32,2425
24634,51.63188,-121.29802,33,2481
24634,51.63123,-121.29819,34,2554
24634,51.63143,-121.29944,35,2648
24634,51.63144,-121.30008,36,2698
24634,51.62951,-121.30063,37,2915
24634,51.62906,-121.30075,38,2964
24634,51.6291,-121.30128,39,2999
24634,51.63156,-121.30064,40,3276
24634,51.63166,-121.30151,41,3340
24634,51.63165,-121.30244,42,3407
24634,51.63266,-121.30216,43,3520
24634,51.63501,-121.30151,44,3783
24634,51.63524,-121.30101,45,3825
24634,51.63527,-121.30059,46,3855
24634,51.6352,-121.30028,47,3882
24634,51.63516,-121.2993,48,3954
24634,51.63581,-121.29911,49,4028
24634,51.63599,-121.29893,50,4050
24634,51.6377,-121.29849,51,4242
24634,51.63785,-121.29833,52,4262
24634,51.63801,-121.29793,53,4295
24634,51.63792,-121.29641,54,4399
24634,51.63773,-121.29394,55,4567
24634,51.63769,-121.29312,56,4622
24634,51.63845,-121.29305,57,4705
24634,51.63835,-121.29256,58,4741
24634,51.63814,-121.29266,59,4765
24634,51.63788,-121.29226,60,4804
24634,51.63794,-121.29199,61,4827
24634,51.63834,-121.29256,62,4888
24634,51.63845,-121.29305,63,4924
24634,51.63884,-121.29318,64,4967
24634,51.63969,-121.29386,65,5071
24634,51.64028,-121.29442,66,5146
24634,51.64054,-121.29451,67,5175
24634,51.64144,-121.29426,68,5284
24634,51.64265,-121.29423,69,5425
24634,51.64263,-121.2939,70,5455
24634,51.64298,-121.29308,71,5530
24634,51.64327,-121.29283,72,5567
24634,51.64445,-121.29246,73,5699
24634,51.64597,-121.29192,74,5871
24634,51.64588,-121.2914,75,5908
24634,51.6459,-121.291,76,5934
24634,51.64615,-121.29044,77,5986
24634,51.64684,-121.28965,78,6086
24634,51.64718,-121.28929,79,6131
24634,51.6479,-121.28902,80,6213
24634,51.64811,-121.29051,81,6318
24634,51.64812,-121.29127,82,6378
24634,51.64641,-121.29177,83,6574
24634,51.64597,-121.29192,84,6624
24634,51.64623,-121.29359,85,6745
24634,51.64636,-121.29471,86,6826
24634,51.64561,-121.29508,87,6916
24706,51.7277,-121.32878,0,0
24706,51.7276,-121.33111,1,166
24706,51.72754,-121.33142,2,187
24706,51.72594,-121.33563,3,525
24706,51.72575,-121.33591,4,553
24706,51.72336,-121.33689,5,825
24706,51.72182,-121.33699,6,996
24706,51.72109,-121.3372,7,1077
24706,51.72011,-121.338,8,1198
24706,51.71909,-121.33856,9,1317
24706,51.71869,-121.33895,10,1369
24706,51.71852,-121.33925,11,1397
24706,51.71845,-121.33993,12,1445
24706,51.71861,-121.34039,13,1481
24706,51.7193,-121.34164,14,1595
24706,51.72031,-121.34398,15,1791
24706,51.72101,-121.34494,16,1892
24706,51.72124,-121.34532,17,1928
24706,51.72144,-121.3458,18,1968
24706,51.72139,-121.34685,19,2039
24706,51.72092,-121.34823,20,2147
24706,51.7208,-121.34873,21,2184
24706,51.72074,-121.34925,22,2220
24706,51.72075,-121.34969,23,2250
24706,51.7208,-121.35,24,2272
24706,51.72108,-121.35061,25,2324
24706,51.72188,-121.35139,26,2427
24706,51.72269,-121.35285,27,2562
24706,51.72368,-121.35376,28,2689
24706,51.72386,-121.35397,29,2713
24706,51.72441,-121.3552,30,2818
24706,51.72554,-121.3571,31,2998
24706,51.72601,-121.35764,32,3061
24706,51.72749,-121.35833,33,3230
24706,51.72801,-121.35841,34,3288
24706,51.72878,-121.35821,35,3374
24706,51.72906,-121.35823,36,3405
24706,51.72929,-121.35835,37,3431
24706,51.72957,-121.35864,38,3468
24706,51.73042,-121.36029,39,3615
24706,51.73069,-121.3605,40,3649
24706,51.73175,-121.36081,41,3767
24706,51.73282,-121.36151,42,3894
24706,51.73365,-121.36288,43,4025
24706,51.73467,-121.36507,44,4213
24706,51.73594,-121.3671,45,4412
24706,51.73693,-121.36802,46,4538
24706,51.73793,-121.36921,47,4676
24706,51.73831,-121.36958,48,4725
24706,51.73852,-121.37001,49,4762
24706,51.73883,-121.37184,50,4892
24706,51.73886,-121.37568,51,5156
24706,51.73895,-121.37643,52,5208
24706,51.7391,-121.37674,53,5235
24706,51.74128,-121.3789,54,5517
24706,51.74193,-121.37923,55,5593
24706,51.74222,-121.37927,56,5625
24706,51.7427,-121.379,57,5689
24706,51.74304,-121.37914,58,5736
24706,51.74467,-121.3789,59,5917
24706,51.74695,-121.37799,60,6176
24706,51.74716,-121.37783,61,6201
24706,51.74913,-121.37375,62,6557
24706,51.74924,-121.37324,63,6594
24706,51.74908,-121.36802,64,6952
24706,51.74877,-121.36481,65,7176
24706,51.74871,-121.36334,66,7277
24706,51.74996,-121.36104,67,7486
24706,51.75048,-121.35948,68,7607
24706,51.75051,-121.35914,69,7630
24706,51.75045,-121.35807,70,7704
24706,51.75011,-121.35637,71,7827
24706,51.75008,-121.35394,72,7994
24706,51.75063,-121.35028,73,8253
24706,51.75073,-121.34875,74,8358
24706,51.7509,-121.348,75,8413
24706,51.75093,-121.34771,76,8433
24706,51.7509,-121.34657,77,8511
24706,51.75074,-121.34568,78,8575
24706,51.75056,-121.34529,79,8607
24706,51.75042,-121.34509,80,8627
24706,51.7502,-121.34495,81,8653
24706,51.74998,-121.3449,82,8677
24706,51.74966,-121.34502,83,8713
24706,51.74813,-121.34661,84,8915
24706,51.74554,-121.34856,85,9231
24706,51.74527,-121.34854,86,9261
24706,51.74507,-121.34819,87,9293
24706,51.74492,-121.34695,88,9380
24706,51.74332,-121.3431,89,9697
24706,51.74309,-121.34275,90,9731
24706,51.74236,-121.34207,91,9823
24706,51.74217,-121.34169,92,9857
24706,51.74209,-121.34136,93,9881
24706,51.74208,-121.34095,94,9908
24706,51.74224,-121.33967,95,9997
24706,51.74221,-121.33929,96,10023
24706,51.74213,-121.33902,97,10043
24706,51.74195,-121.33876,98,10069
24706,51.741,-121.338,99,10187
24706,51.74001,-121.33755,100,10300
24706,51.73965,-121.33733,101,10343
24706,51.73853,-121.33597,102,10497
24706,51.73823,-121.33581,103,10531
24706,51.73788,-121.33583,104,10570
24706,51.73766,-121.33599,105,10596
24706,51.73732,-121.33639,106,10642
24706,51.73688,-121.33669,107,10695
24706,51.73642,-121.33678,108,10745
24706,51.73601,-121.33671,109,10790
24706,51.73427,-121.3356,110,10997
24706,51.73261,-121.33559,111,11181
24706,51.7316,-121.33536,112,11293
24706,51.7314,-121.33524,113,11316
24706,51.73082,-121.33462,114,11393
24706,51.73028,-121.33363,115,11482
24706,51.73008,-121.33341,116,11509
24706,51.72909,-121.33269,117,11629
24706,51.72784,-121.33071,118,11821
24706,51.72763,-121.33063,119,11843
24706,51.72756,-121.3288,120,11975
24706,51.72763,-121.32848,121,12002
24706,51.72763,-121.32785,122,12045
24706,51.7275,-121.32735,123,12082
24706,51.72722,-121.32692,124,12124
24706,51.72336,-121.32471,125,12579
24706,51.72245,-121.32361,126,12705
24706,51.7211,-121.32154,127,12912
24706,51.71978,-121.32008,128,13089
24706,51.71552,-121.3186,129,13572
24706,51.71046,-121.31808,130,14135
24706,51.70719,-121.31785,131,14498
24706,51.7065,-121.31794,132,14575
24706,51.70563,-121.31834,133,14675
24706,51.70145,-121.32185,134,15198
24706,51.70067,-121.32217,135,15287
24706,51.69923,-121.3222,136,15447
24706,51.69861,-121.32208,137,15516
24706,51.69387,-121.31916,138,16080
24706,51.69085,-121.31719,139,16442
24706,51.69162,-121.3138,140,16689
24706,51.6916,-121.3134,141,16717
24706,51.69084,-121.31136,142,16881
24706,51.69055,-121.31085,143,16928
24706,51.69048,-121.31056,144,16949
24706,51.69047,-121.30957,145,17017
24706,51.69073,-121.308,146,17130
24706,51.69083,-121.30773,147,17154
24706,51.68982,-121.30686,148,17280
24706,51.68926,-121.30769,149,17364
24706,51.68878,-121.3095,150,17500
24706,51.68859,-121.30996,151,17538
24706,51.6879,-121.31091,152,17639
24706,51.6876,-121.31115,153,17675
24706,51.68667,-121.31119,154,17778
24706,51.68591,-121.31142,155,17863
24706,51.68558,-121.3113,156,17900
24706,51.68465,-121.31026,157,18025
24706,51.6836,-121.30986,158,18145
24706,51.68315,-121.30928,159,18208
24706,51.68282,-121.3098,160,18259
24706,51.67884,-121.30336,161,18886
24706,51.67491,-121.29594,162,19560
24706,51.67379,-121.29452,163,19719
24706,51.66635,-121.29056,164,20589
24706,51.66069,-121.28779,165,21244
24706,51.6597,-121.28735,166,21359
24706,51.65854,-121.2875,167,21487
24706,51.65811,-121.28767,168,21535
24706,51.65715,-121.28871,169,21662
24706,51.65617,-121.29111,170,21860
24706,51.65589,-121.29195,171,21925
24706,51.65517,-121.2933,172,22047
24706,51.65395,-121.29444,173,22204
24706,51.65124,-121.29612,174,22526
24706,51.65006,-121.29659,175,22661
24706,51.64833,-121.29647,176,22853
24706,51.64731,-121.29619,177,22968
24706,51.64656,-121.29624,178,23050
24706,51.64636,-121.29471,179,23157
24706,51.64561,-121.29508,180,23247
24706,51.6441,-121.29554,181,23421
24706,51.64331,-121.29596,182,23521
24706,51.64317,-121.29587,183,23543
24706,51.64213,-121.29623,184,23660
24706,51.64186,-121.29636,185,23695
24706,51.64162,-121.29599,186,23735
24706,51.64133,-121.29584,187,23769
24706,51.64026,-121.29597,188,23884
24706,51.64007,-121.29582,189,23908
24706,51.63994,-121.29623,190,23939
24706,51.64005,-121.29764,191,24037
24706,51.63911,-121.29789,192,24143
24706,51.63899,-121.29726,193,24192
24721,51.64623,-121.29359,0,0
24721,51.64636,-121.29471,1,81
24721,51.64561,-121.29508,2,171
24721,51.6441,-121.29554,3,345
24721,51.64331,-121.29596,4,445
24721,51.64317,-121.29587,5,467
24721,51.64213,-121.29623,6,584
24721,51.64186,-121.29636,7,619
24721,51.64162,-121.29599,8,659
24721,51.64133,-121.29584,9,693
24721,51.64026,-121.29597,10,808
24721,51.64007,-121.29582,11,832
24721,51.63994,-121.29623,12,863
24721,51.64005,-121.29764,13,961
24721,51.63911,-121.29789,14,1067
24721,51.63899,-121.29726,15,1116
24721,51.63897,-121.29667,16,1160
24721,51.63972,-121.29645,17,1244
24721,51.63961,-121.29549,18,1311
24721,51.63928,-121.2953,19,1349
24721,51.63869,-121.29523,20,1414
24721,51.63841,-121.29528,21,1445
24721,51.63754,-121.29604,22,1554
24721,51.63714,-121.2964,23,1605
24721,51.63655,-121.29661,24,1676
24721,51.6353,-121.29683,25,1818
24721,51.63434,-121.29709,26,1926
24721,51.63341,-121.2974,27,2035
24721,51.63235,-121.29769,28,2157
24721,51.63188,-121.29802,29,2213
24721,51.63123,-121.29819,30,2286
24721,51.63143,-121.29944,31,2380
24721,51.63144,-121.30008,32,2430
24721,51.62951,-121.30063,33,2647
24721,51.62906,-121.30075,34,2696
24721,51.6291,-121.30128,35,2731
24721,51.63156,-121.30064,36,3008
24721,51.63166,-121.30151,37,3072
24721,51.63165,-121.30244,38,3139
24721,51.63266,-121.30216,39,3252
24721,51.63501,-121.30151,40,3515
24721,51.63524,-121.30101,41,3557
24721,51.63527,-121.30059,42,3587
24721,51.6352,-121.30028,43,3614
24721,51.63516,-121.2993,44,3686
24721,51.63581,-121.29911,45,3760
24721,51.63599,-121.29893,46,3782
24721,51.6377,-121.29849,47,3974
24721,51.63785,-121.29833,48,3994
24721,51.63801,-121.29793,49,4027
24721,51.63792,-121.29641,50,4131
24721,51.63773,-121.29394,51,4299
24721,51.63769,-121.29312,52,4354
24721,51.63845,-121.29305,53,4437
24721,51.63835,-121.29256,54,4473
24721,51.63814,-121.29266,55,4497
24721,51.63788,-121.29226,56,4536
24721,51.63794,-121.29199,57,4559
24721,51.63834,-121.29256,58,4620
24721,51.63845,-121.29305,59,4656
24721,51.63884,-121.29318,60,4699
24721,51.63969,-121.29386,61,4803
24721,51.64028,-121.29442,62,4878
24721,51.64054,-121.29451,63,4907
24721,51.64144,-121.29426,64,5016
24721,51.64265,-121.29423,65,5157
24721,51.64263,-121.2939,66,5187
24721,51.64298,-121.29308,67,5262
24721,51.64327,-121.29283,68,5299
24721,51.64445,-121.29246,69,5431
24721,51.64597,-121.29192,70,5603
24721,51.64588,-121.2914,71,5640
24721,51.6459,-121.291,72,5666
24721,51.64615,-121.29044,73,5718
24721,51.64684,-121.28965,74,5818
24721,51.64718,-121.28929,75,5863
24721,51.6479,-121.28902,76,5945
24721,51.64811,-121.29051,77,6050
24721,51.64812,-121.29127,78,6110
24721,51.64641,-121.29177,79,6306
24721,51.64597,-121.29192,80,6356
24721,51.64623,-121.29359,81,6477
24721,51.64636,-121.29471,82,6558
24721,51.64561,-121.29508,83,6648
24721,51.6441,-121.29554,84,6822
24721,51.64331,-121.29596,85,6922
24721,51.64317,-121.29587,86,6944
24721,51.64213,-121.29623,87,7061
24721,51.64186,-121.29636,88,7096
24721,51.64162,-121.29599,89,7136
24721,51.64133,-121.29584,90,7170
24721,51.64026,-121.29597,91,7285
24721,51.64007,-121.29582,92,7309
24721,51.63994,-121.29623,93,7340
24721,51.64005,-121.29764,94,7438
24721,51.63911,-121.29789,95,7544
24721,51.63899,-121.29726,96,7593
24795,51.63899,-121.29726,0,0
24795,51.63897,-121.29667,1,44
24795,51.63972,-121.29645,2,128
24795,51.63961,-121.29549,3,195
24795,51.63928,-121.2953,4,233
24795,51.63869,-121.29523,5,298
24795,51.63841,-121.29528,6,329
24795,51.63787,-121.2957,7,395
24795,51.63801,-121.29793,8,547
24795,51.63816,-121.29822,9,573
24795,51.63842,-121.2983,10,602
24795,51.6457,-121.29639,11,1417
24795,51.64697,-121.29618,12,1556
24795,51.64953,-121.29643,13,1839
24795,51.65062,-121.29621,14,1959
24795,51.65395,-121.29444,15,2348
24795,51.65517,-121.2933,16,2505
24795,51.65589,-121.29195,17,2627
24795,51.65679,-121.28943,18,2826
24795,51.65715,-121.28871,19,2890
24795,51.65811,-121.28767,20,3017
24795,51.65917,-121.28735,21,3135
24795,51.6597,-121.28735,22,3193
24795,51.66402,-121.28941,23,3693
24795,51.66902,-121.29184,24,4271
24795,51.67318,-121.29385,25,4752
24795,51.67433,-121.2949,26,4899
24795,51.67888,-121.30322,27,5665
24795,51.6824,-121.30893,28,6219
24795,51.68288,-121.3097,29,6294
24795,51.68548,-121.31226,30,6632
24795,51.68721,-121.3147,31,6884
24795,51.69387,-121.31916,32,7685
24795,51.69861,-121.32208,33,8249
24795,51.69988,-121.32224,34,8390
24795,51.70067,-121.32217,35,8478
24795,51.70145,-121.32185,36,8567
24795,51.70563,-121.31834,37,9090
24795,51.7065,-121.31794,38,9190
24795,51.70782,-121.31784,39,9337
24795,51.71443,-121.3185,40,10072
24795,51.71552,-121.3186,41,10193
24795,51.71906,-121.3197,42,10592
24795,51.71978,-121.32008,43,10676
24795,51.7211,-121.32154,44,10853
24795,51.72245,-121.32361,45,11060
24795,51.72336,-121.32471,46,11186
24795,51.72762,-121.32714,47,11687
24795,51.7277,-121.32878,48,11805
24795,51.7276,-121.33111,49,11971
24795,51.72754,-121.33142,50,11992
24795,51.72594,-121.33563,51,12330
24795,51.72575,-121.33591,52,12358
24795,51.72336,-121.33689,53,12630
24795,51.72182,-121.33699,54,12801
24795,51.72109,-121.3372,55,12882
24795,51.72011,-121.338,56,13003
24795,51.71909,-121.33856,57,13122
24795,51.71869,-121.33895,58,13174
24795,51.71852,-121.33925,59,13202
24795,51.71845,-121.33993,60,13250
24795,51.71861,-121.34039,61,13286
24795,51.7193,-121.34164,62,13400
24795,51.72031,-121.34398,63,13596
24795,51.72101,-121.34494,64,13697
24795,51.72124,-121.34532,65,13733
24795,51.72144,-121.3458,66,13773
24795,51.72139,-121.34685,67,13844
24795,51.72092,-121.34823,68,13952
24795,51.7208,-121.34873,69,13989
24795,51.72074,-121.34925,70,14025
24795,51.72075,-121.34969,71,14055
24795,51.7208,-121.35,72,14077
24795,51.72108,-121.35061,73,14129
24795,51.72188,-121.35139,74,14232
24795,51.72269,-121.35285,75,14367
24795,51.72368,-121.35376,76,14494
24795,51.72386,-121.35397,77,14518
24795,51.72441,-121.3552,78,14623
24795,51.72554,-121.3571,79,14803
24795,51.72601,-121.35764,80,14866
24795,51.72749,-121.35833,81,15035
24795,51.72801,-121.35841,82,15093
24795,51.72878,-121.35821,83,15179
24795,51.72906,-121.35823,84,15210
24795,51.72929,-121.35835,85,15236
24795,51.72957,-121.35864,86,15273
24795,51.73042,-121.36029,87,15420
24795,51.73069,-121.3605,88,15454
24795,51.73175,-121.36081,89,15572
24795,51.73282,-121.36151,90,15699
24795,51.73365,-121.36288,91,15830
24795,51.73467,-121.36507,92,16018
24795,51.73594,-121.3671,93,16217
24795,51.73693,-121.36802,94,16343
24795,51.73793,-121.36921,95,16481
24795,51.73831,-121.36958,96,16530
24795,51.73852,-121.37001,97,16567
24795,51.73883,-121.37184,98,16697
24795,51.73886,-121.37568,99,16961
24795,51.73895,-121.37643,100,17013
24795,51.7391,-121.37674,101,17040
24795,51.74128,-121.3789,102,17322
24795,51.74193,-121.37923,103,17398
24795,51.74222,-121.37927,104,17430
24795,51.7427,-121.379,105,17494
24795,51.74304,-121.37914,106,17541
24795,51.74467,-121.3789,107,17722
24795,51.74695,-121.37799,108,17981
24795,51.74716,-121.37783,109,18006
24795,51.74913,-121.37375,110,18362
24795,51.74924,-121.37324,111,18399
24795,51.74908,-121.36802,112,18757
24795,51.74877,-121.36481,113,18981
24795,51.74871,-121.36334,114,19082
24795,51.74996,-121.36104,115,19291
24795,51.75048,-121.35948,116,19412
24795,51.75051,-121.35914,117,19435
24795,51.75045,-121.35807,118,19509
24795,51.75011,-121.35637,119,19632
24795,51.75008,-121.35394,120,19799
24795,51.75063,-121.35028,121,20058
24795,51.75073,-121.34875,122,20163
24795,51.7509,-121.348,123,20218
24795,51.75093,-121.34771,124,20238
24795,51.7509,-121.34657,125,20316
24795,51.75074,-121.34568,126,20380
24795,51.75056,-121.34529,127,20412
24795,51.75042,-121.34509,128,20432
24795,51.7502,-121.34495,129,20458
24795,51.74998,-121.3449,130,20482
24795,51.74966,-121.34502,131,20518
24795,51.74813,-121.34661,132,20720
24795,51.74554,-121.34856,133,21036
24795,51.74527,-121.34854,134,21066
24795,51.74507,-121.34819,135,21098
24795,51.74492,-121.34695,136,21185
24795,51.74332,-121.3431,137,21502
24795,51.74309,-121.34275,138,21536
24795,51.74236,-121.34207,139,21628
24795,51.74217,-121.34169,140,21662
24795,51.74209,-121.34136,141,21686
24795,51.74208,-121.34095,142,21713
24795,51.74224,-121.33967,143,21802
24795,51.74221,-121.33929,144,21828
24795,51.74213,-121.33902,145,21848
24795,51.74195,-121.33876,146,21874
24795,51.741,-121.338,147,21992
24795,51.74001,-121.33755,148,22105
24795,51.73965,-121.33733,149,22148
24795,51.73853,-121.33597,150,22302
24795,51.73823,-121.33581,151,22336
24795,51.73788,-121.33583,152,22375
24795,51.73766,-121.33599,153,22401
24795,51.73732,-121.33639,154,22447
24795,51.73688,-121.33669,155,22500
24795,51.73642,-121.33678,156,22550
24795,51.73601,-121.33671,157,22595
24795,51.73427,-121.3356,158,22802
24795,51.73261,-121.33559,159,22986
24795,51.7316,-121.33536,160,23098
24795,51.7314,-121.33524,161,23121
24795,51.73082,-121.33462,162,23198
24795,51.73028,-121.33363,163,23287
24795,51.73008,-121.33341,164,23314
24795,51.72909,-121.33269,165,23434
24795,51.72784,-121.33071,166,23626
24795,51.72763,-121.33063,167,23648
24795,51.72756,-121.3288,168,23780
24795,51.72763,-121.32848,169,23807
24795,51.72763,-121.32785,170,23850
24795,51.7275,-121.32735,171,23887
24795,51.72722,-121.32692,172,23929
24795,51.72336,-121.32471,173,24384
24795,51.72245,-121.32361,174,24510
24795,51.7211,-121.32154,175,24717
24795,51.71978,-121.32008,176,24894
24795,51.71552,-121.3186,177,25377
24795,51.71046,-121.31808,178,25940
24795,51.70719,-121.31785,179,26303
24795,51.7065,-121.31794,180,26380
24795,51.70563,-121.31834,181,26480
24795,51.70145,-121.32185,182,27003
24795,51.70067,-121.32217,183,27092
24795,51.69923,-121.3222,184,27252
24795,51.69861,-121.32208,185,27321
24795,51.69387,-121.31916,186,27885
24795,51.69085,-121.31719,187,28247
24795,51.69162,-121.3138,188,28494
24795,51.6916,-121.3134,189,28522
24795,51.69084,-121.31136,190,28686
24795,51.69055,-121.31085,191,28733
24795,51.69048,-121.31056,192,28754
24795,51.69047,-121.30957,193,28822
24795,51.69073,-121.308,194,28935
24795,51.69083,-121.30773,195,28959
24795,51.68982,-121.30686,196,29085
24795,51.68926,-121.30769,197,29169
24795,51.68878,-121.3095,198,29305
24795,51.68859,-121.30996,199,29343
24795,51.6879,-121.31091,200,29444
24795,51.6876,-121.31115,201,29480
24795,51.68667,-121.31119,202,29583
24795,51.68591,-121.31142,203,29668
24795,51.68558,-121.3113,204,29705
24795,51.68465,-121.31026,205,29830
24795,51.6836,-121.30986,206,29950
24795,51.68315,-121.30928,207,30013
24795,51.68282,-121.3098,208,30064
24795,51.67884,-121.30336,209,30691
24795,51.67491,-121.29594,210,31365
24795,51.67379,-121.29452,211,31524
24795,51.66635,-121.29056,212,32394
24795,51.66069,-121.28779,213,33049
24795,51.6597,-121.28735,214,33164
24795,51.65854,-121.2875,215,33292
24795,51.65811,-121.28767,216,33340
24795,51.65715,-121.28871,217,33467
24795,51.65617,-121.29111,218,33665
24795,51.65589,-121.29195,219,33730
24795,51.65517,-121.2933,220,33852
24795,51.65395,-121.29444,221,34009
24795,51.65124,-121.29612,222,34331
24795,51.65006,-121.29659,223,34466
24795,51.64833,-121.29647,224,34658
24795,51.64731,-121.29619,225,34773
24795,51.64656,-121.29624,226,34855
24795,51.64636,-121.29471,227,34962
24795,51.64561,-121.29508,228,35052
24795,51.6441,-121.29554,229,35226
24795,51.64331,-121.29596,230,35326
24795,51.64317,-121.29587,231,35348
24795,51.64213,-121.29623,232,35465
24795,51.64186,-121.29636,233,35500
24795,51.64162,-121.29599,234,35540
24795,51.64133,-121.29584,235,35574
24795,51.64026,-121.29597,236,35689
24795,51.64007,-121.29582,237,35713
24795,51.63994,-121.29623,238,35744
24795,51.64005,-121.29764,239,35842
24795,51.63911,-121.29789,240,35948
24795,51.63899,-121.29726,241,35997
